[27886.612475] Loading Module
[27886.612477] ==================================================
[27886.612503]       NAME	       PID	     STATE	    PARENT	
[27886.612507] ==================================================
[27886.612532]  swapper/0	       000	       000	       000 
[27886.612534] --------------------------------------------------
[27886.612560]    systemd	       001	       001	       000 
[27886.612562] --------------------------------------------------
[27886.612588] systemd-jo	       216	       001	       001 
[27886.612589] --------------------------------------------------
[27886.612613] systemd-ud	       234	       000	       001 
[27886.612615] --------------------------------------------------
[27886.612640] ModemManag	       678	       001	       001 
[27886.612641] --------------------------------------------------
[27886.612667]      acpid	       681	       001	       001 
[27886.612668] --------------------------------------------------
[27886.612694]      cupsd	       682	       001	       001 
[27886.612696] --------------------------------------------------
[27886.612723]       dbus	       830	       001	       682 
[27886.612725] --------------------------------------------------
[27886.612751]       dbus	       831	       001	       682 
[27886.612753] --------------------------------------------------
[27886.612780] accounts-d	       692	       001	       001 
[27886.612782] --------------------------------------------------
[27886.612833] systemd-lo	       705	       001	       001 
[27886.612835] --------------------------------------------------
[27886.612860]       cron	       716	       001	       001 
[27886.612862] --------------------------------------------------
[27886.612887] dbus-daemo	       718	       001	       001 
[27886.612888] --------------------------------------------------
[27886.612912] cups-brows	       726	       001	       001 
[27886.612913] --------------------------------------------------
[27886.612939] NetworkMan	       727	       001	       001 
[27886.612940] --------------------------------------------------
[27886.612964]   dhclient	       854	       001	       727 
[27886.612966] --------------------------------------------------
[27886.612990]    dnsmasq	       866	       001	       727 
[27886.612991] --------------------------------------------------
[27886.613018]      snapd	       728	       001	       001 
[27886.613019] --------------------------------------------------
[27886.613069]   rsyslogd	       730	       001	       001 
[27886.613071] --------------------------------------------------
[27886.613097]    polkitd	       751	       001	       001 
[27886.613099] --------------------------------------------------
[27886.613124] irqbalance	       782	       001	       001 
[27886.613126] --------------------------------------------------
[27886.613151] VBoxServic	       817	       001	       001 
[27886.613153] --------------------------------------------------
[27886.613177]    lightdm	       916	       001	       001 
[27886.613179] --------------------------------------------------
[27886.613204]       Xorg	       926	       000	       916 
[27886.613206] --------------------------------------------------
[27886.613231]    lightdm	      1147	       001	       916 
[27886.613233] --------------------------------------------------
[27886.613258]    upstart	      1345	       001	      1147 
[27886.613259] --------------------------------------------------
[27886.613285] upstart-ud	      1490	       001	      1345 
[27886.613286] --------------------------------------------------
[27886.613312] dbus-daemo	      1498	       001	      1345 
[27886.613315] --------------------------------------------------
[27886.613340] window-sta	      1510	       001	      1345 
[27886.613342] --------------------------------------------------
[27886.613369] ibus-daemo	      1535	       001	      1345 
[27886.613370] --------------------------------------------------
[27886.613396] ibus-dconf	      1563	       001	      1535 
[27886.613397] --------------------------------------------------
[27886.613421] ibus-ui-gt	      1582	       001	      1535 
[27886.613422] --------------------------------------------------
[27886.613449] ibus-engin	      1612	       001	      1535 
[27886.613451] --------------------------------------------------
[27886.613477] upstart-db	      1544	       001	      1345 
[27886.613479] --------------------------------------------------
[27886.613504] upstart-db	      1546	       001	      1345 
[27886.613506] --------------------------------------------------
[27886.613531]      gvfsd	      1550	       001	      1345 
[27886.613533] --------------------------------------------------
[27886.613560] gvfsd-fuse	      1555	       001	      1345 
[27886.613561] --------------------------------------------------
[27886.613587] upstart-fi	      1580	       001	      1345 
[27886.613588] --------------------------------------------------
[27886.613614]   ibus-x11	      1586	       001	      1345 
[27886.613615] --------------------------------------------------
[27886.613641] at-spi-bus	      1591	       001	      1345 
[27886.613642] --------------------------------------------------
[27886.613667] dbus-daemo	      1598	       001	      1591 
[27886.613669] --------------------------------------------------
[27886.613694] at-spi2-re	      1602	       001	      1345 
[27886.613696] --------------------------------------------------
[27886.613721] bamfdaemon	      1611	       001	      1345 
[27886.613723] --------------------------------------------------
[27886.613748]  gpg-agent	      1623	       001	      1345 
[27886.613750] --------------------------------------------------
[27886.613776] notify-osd	      1628	       001	      1345 
[27886.613778] --------------------------------------------------
[27886.613805] hud-servic	      1646	       001	      1345 
[27886.613806] --------------------------------------------------
[27886.613832] unity-sett	      1648	       001	      1345 
[27886.613834] --------------------------------------------------
[27886.613860] gnome-sess	      1665	       001	      1345 
[27886.613862] --------------------------------------------------
[27886.613887]   nautilus	      1817	       001	      1665 
[27886.613889] --------------------------------------------------
[27886.613914] polkit-gno	      1819	       001	      1665 
[27886.613916] --------------------------------------------------
[27886.613941] unity-fall	      1825	       001	      1665 
[27886.613942] --------------------------------------------------
[27886.613968] gnome-soft	      1826	       001	      1665 
[27886.613969] --------------------------------------------------
[27886.613995]  nm-applet	      1834	       001	      1665 
[27886.613996] --------------------------------------------------
[27886.614056] update-not	      2126	       001	      1665 
[27886.614059] --------------------------------------------------
[27886.614084] deja-dup-m	      2185	       001	      1665 
[27886.614086] --------------------------------------------------
[27886.614111] unity-pane	      1668	       001	      1345 
[27886.614112] --------------------------------------------------
[27886.614138] dconf-serv	      1686	       001	      1345 
[27886.614140] --------------------------------------------------
[27886.614167] indicator-	      1690	       001	      1345 
[27886.614168] --------------------------------------------------
[27886.614194] indicator-	      1691	       001	      1345 
[27886.614196] --------------------------------------------------
[27886.614223] indicator-	      1695	       001	      1345 
[27886.614224] --------------------------------------------------
[27886.614250] indicator-	      1697	       001	      1345 
[27886.614251] --------------------------------------------------
[27886.614276] indicator-	      1700	       001	      1345 
[27886.614278] --------------------------------------------------
[27886.614303] indicator-	      1701	       001	      1345 
[27886.614304] --------------------------------------------------
[27886.614330] indicator-	      1702	       001	      1345 
[27886.614331] --------------------------------------------------
[27886.614357] indicator-	      1704	       001	      1345 
[27886.614358] --------------------------------------------------
[27886.614384] indicator-	      1746	       001	      1345 
[27886.614385] --------------------------------------------------
[27886.614410]     compiz	      1767	       000	      1345 
[27886.614412] --------------------------------------------------
[27886.614440] pulseaudio	      1736	       001	      1345 
[27886.614442] --------------------------------------------------
[27886.614467] evolution-	      1725	       001	      1345 
[27886.614469] --------------------------------------------------
[27886.614496] gvfs-udisk	      1839	       001	      1345 
[27886.614497] --------------------------------------------------
[27886.614523] gvfs-gphot	      1882	       001	      1345 
[27886.614524] --------------------------------------------------
[27886.614549] gvfs-goa-v	      1892	       001	      1345 
[27886.614551] --------------------------------------------------
[27886.614576] gvfs-mtp-v	      1897	       001	      1345 
[27886.614578] --------------------------------------------------
[27886.614603] gvfs-afc-v	      1903	       001	      1345 
[27886.614605] --------------------------------------------------
[27886.614630] evolution-	      1798	       001	      1345 
[27886.614631] --------------------------------------------------
[27886.614656] evolution-	      1923	       001	      1798 
[27886.614659] --------------------------------------------------
[27886.614686] evolution-	      1944	       001	      1798 
[27886.614687] --------------------------------------------------
[27886.614713] gvfsd-tras	      1939	       001	      1345 
[27886.614714] --------------------------------------------------
[27886.614740] evolution-	      1942	       001	      1345 
[27886.614743] --------------------------------------------------
[27886.614769] evolution-	      1974	       001	      1942 
[27886.614770] --------------------------------------------------
[27886.614797] /usr/bin/t	      2013	       001	      1345 
[27886.614799] --------------------------------------------------
[27886.614825] gnome-pty-	      2058	       001	      2013 
[27886.614827] --------------------------------------------------
[27886.614853]       bash	      2060	       001	      2013 
[27886.614855] --------------------------------------------------
[27886.614882]       sudo	     10225	       001	      2060 
[27886.614884] --------------------------------------------------
[27886.614910]         sh	     10226	       001	     10225 
[27886.614912] --------------------------------------------------
[27886.614938]       sudo	     10241	       001	     10226 
[27886.614939] --------------------------------------------------
[27886.614964]     insmod	     10242	       000	     10241 
[27886.614966] --------------------------------------------------
[27886.615026]       bash	      4152	       001	      2013 
[27886.615028] --------------------------------------------------
[27886.615054]         sh	      2021	       001	      1345 
[27886.615056] --------------------------------------------------
[27886.615084] zeitgeist-	      2025	       001	      2021 
[27886.615085] --------------------------------------------------
[27886.615111] zeitgeist-	      2034	       001	      1345 
[27886.615113] --------------------------------------------------
[27886.615139] zeitgeist-	      2032	       001	      1345 
[27886.615141] --------------------------------------------------
[27886.615168]   gconfd-2	      2054	       001	      1345 
[27886.615170] --------------------------------------------------
[27886.615196] gvfsd-meta	      4089	       001	      1345 
[27886.615198] --------------------------------------------------
[27886.615224] avahi-daem	       991	       001	       001 
[27886.615226] --------------------------------------------------
[27886.615252] avahi-daem	       993	       001	       991 
[27886.615254] --------------------------------------------------
[27886.615281]   whoopsie	      1073	       001	       001 
[27886.615282] --------------------------------------------------
[27886.615309]     agetty	      1077	       001	       001 
[27886.615311] --------------------------------------------------
[27886.615337] rtkit-daem	      1222	       001	       001 
[27886.615339] --------------------------------------------------
[27886.615365]    upowerd	      1232	       001	       001 
[27886.615366] --------------------------------------------------
[27886.615393]     colord	      1244	       001	       001 
[27886.615394] --------------------------------------------------
[27886.615421]    systemd	      1262	       001	       001 
[27886.615423] --------------------------------------------------
[27886.615449]   (sd-pam)	      1263	       001	      1262 
[27886.615451] --------------------------------------------------
[27886.615478] gnome-keyr	      1341	       001	       001 
[27886.615480] --------------------------------------------------
[27886.615605] VBoxClient	      1361	       001	       001 
[27886.615607] --------------------------------------------------
[27886.615632] VBoxClient	      1362	       001	      1361 
[27886.615634] --------------------------------------------------
[27886.615660] VBoxClient	      1371	       001	       001 
[27886.615662] --------------------------------------------------
[27886.615688] VBoxClient	      1372	       001	      1371 
[27886.615690] --------------------------------------------------
[27886.615715] VBoxClient	      1376	       001	       001 
[27886.615716] --------------------------------------------------
[27886.615742] VBoxClient	      1377	       001	      1376 
[27886.615743] --------------------------------------------------
[27886.615770] VBoxClient	      1381	       001	       001 
[27886.615773] --------------------------------------------------
[27886.615800] VBoxClient	      1382	       001	      1381 
[27886.615802] --------------------------------------------------
[27886.615830]    udisksd	      1872	       001	       001 
[27886.615832] --------------------------------------------------
[27886.615859]   kthreadd	       002	       001	       000 
[27886.615861] --------------------------------------------------
[27886.615890] kworker/0:	       003	       001	       002 
[27886.615892] --------------------------------------------------
[27886.615922] kworker/0:	       004	       001	       002 
[27886.615924] --------------------------------------------------
[27886.615953] mm_percpu_	       006	       001	       002 
[27886.615955] --------------------------------------------------
[27886.616097] ksoftirqd/	       007	       001	       002 
[27886.616101] --------------------------------------------------
[27886.616127]  rcu_sched	       008	       001	       002 
[27886.616129] --------------------------------------------------
[27886.616154]     rcu_bh	       009	       001	       002 
[27886.616155] --------------------------------------------------
[27886.616180] migration/	       010	       001	       002 
[27886.616182] --------------------------------------------------
[27886.616206] watchdog/0	       011	       001	       002 
[27886.616208] --------------------------------------------------
[27886.616234]    cpuhp/0	       012	       001	       002 
[27886.616236] --------------------------------------------------
[27886.616261]    cpuhp/1	       013	       001	       002 
[27886.616263] --------------------------------------------------
[27886.616288] watchdog/1	       014	       001	       002 
[27886.616290] --------------------------------------------------
[27886.616317] migration/	       015	       001	       002 
[27886.616319] --------------------------------------------------
[27886.616345] ksoftirqd/	       016	       000	       002 
[27886.616347] --------------------------------------------------
[27886.616374] kworker/1:	       018	       001	       002 
[27886.616377] --------------------------------------------------
[27886.616403]  kdevtmpfs	       019	       001	       002 
[27886.616406] --------------------------------------------------
[27886.616435]      netns	       020	       001	       002 
[27886.616437] --------------------------------------------------
[27886.616465] khungtaskd	       022	       001	       002 
[27886.616468] --------------------------------------------------
[27886.616499] oom_reaper	       023	       001	       002 
[27886.616503] --------------------------------------------------
[27886.616531]  writeback	       024	       001	       002 
[27886.616534] --------------------------------------------------
[27886.616565] kcompactd0	       025	       001	       002 
[27886.616568] --------------------------------------------------
[27886.616601]       ksmd	       026	       001	       002 
[27886.616603] --------------------------------------------------
[27886.616636] khugepaged	       027	       001	       002 
[27886.616638] --------------------------------------------------
[27886.616666]     crypto	       028	       001	       002 
[27886.616668] --------------------------------------------------
[27886.616703] kintegrity	       029	       001	       002 
[27886.616706] --------------------------------------------------
[27886.616741]    kblockd	       030	       001	       002 
[27886.616746] --------------------------------------------------
[27886.616776]    ata_sff	       031	       001	       002 
[27886.616778] --------------------------------------------------
[27886.616806]         md	       032	       001	       002 
[27886.616808] --------------------------------------------------
[27886.616841] edac-polle	       033	       001	       002 
[27886.616845] --------------------------------------------------
[27886.616875] devfreq_wq	       034	       001	       002 
[27886.616880] --------------------------------------------------
[27886.616910]  watchdogd	       035	       001	       002 
[27886.616913] --------------------------------------------------
[27886.616943]    kauditd	       039	       001	       002 
[27886.616945] --------------------------------------------------
[27886.617063]    kswapd0	       040	       001	       002 
[27886.617067] --------------------------------------------------
[27886.617094] ecryptfs-k	       041	       001	       002 
[27886.617096] --------------------------------------------------
[27886.617121]   kthrotld	       083	       001	       002 
[27886.617123] --------------------------------------------------
[27886.617149] acpi_therm	       084	       001	       002 
[27886.617151] --------------------------------------------------
[27886.617177]  scsi_eh_0	       085	       001	       002 
[27886.617178] --------------------------------------------------
[27886.617206] scsi_tmf_0	       086	       001	       002 
[27886.617208] --------------------------------------------------
[27886.617234]  scsi_eh_1	       087	       001	       002 
[27886.617236] --------------------------------------------------
[27886.617262] scsi_tmf_1	       088	       001	       002 
[27886.617264] --------------------------------------------------
[27886.617290] ipv6_addrc	       094	       001	       002 
[27886.617291] --------------------------------------------------
[27886.617317] charger_ma	       119	       001	       002 
[27886.617319] --------------------------------------------------
[27886.617346]  scsi_eh_2	       158	       001	       002 
[27886.617348] --------------------------------------------------
[27886.617376] scsi_tmf_2	       159	       001	       002 
[27886.617379] --------------------------------------------------
[27886.617405] kworker/0:	       162	       001	       002 
[27886.617406] --------------------------------------------------
[27886.617433] kworker/1:	       163	       001	       002 
[27886.617435] --------------------------------------------------
[27886.617462] jbd2/sda1-	       186	       001	       002 
[27886.617464] --------------------------------------------------
[27886.617492] ext4-rsv-c	       187	       001	       002 
[27886.617494] --------------------------------------------------
[27886.617521] iprt-VBoxW	       329	       001	       002 
[27886.617522] --------------------------------------------------
[27886.617553]   ttm_swap	       358	       001	       002 
[27886.617555] --------------------------------------------------
[27886.617584] kworker/0:	      3129	       001	       002 
[27886.617586] --------------------------------------------------
[27886.617615] kworker/1:	      5746	       001	       002 
[27886.617618] --------------------------------------------------
[27886.617647] kworker/1:	      5793	       001	       002 
[27886.617648] --------------------------------------------------
[27886.617679] kworker/u4	      6157	       001	       002 
[27886.617680] --------------------------------------------------
[27886.617709] kworker/u4	      6395	       001	       002 
[27886.617711] --------------------------------------------------
[27886.617740] kworker/u4	      6409	       001	       002 
[27886.617742] --------------------------------------------------
[27886.617773] 

[27886.617774] ====================
[27886.617786] PSLIST EXEC STATS
[27886.617787] ====================
[27886.617799] Number of processes: 169
[27886.617801] Execution time: 5243 us
